GLOSSAS LAUDAT HESYCHIUS. xxv

141. 144. 145. 146. 161.
163. 180. 191. 193. 194.

196. 197. 300. 301. 303.
303. 304. 313. 331. 333
331. 336. 364. 365. 373.
375. 379. 284. 308. 314.
mmmfflffl
409· 435» 437· 444· 445
48.3648·0150
513· 527· 529· 53¹· 532·
572. 591. Μίονες.650.651.
653. 688. 704 708. 713.
mwm8Q88
836. 896

Κυρηναῖοι 74. 76. 83. 93. 184.
185. 303. 331910 “

Κῶοι 57. 368. 463. 534. 531.
⁶¹7· 8183111745 ’

Λακεδαιμόνιοι 63. 187. 315.
mwmwmww
451. 481. 504. 610. 644.
648. 890

Λάκωνες 1. 3. 5. 6. 131433.
0008000
56. 58. 63. 63. 68. 71. 73.
76. 78. 79. 82. 84. 88. 91.
99.104.106.107,108. 111.

398. 301. 303. 306. 310.
311. 313. 315. 318. 333.
mmmmm
mmmmm
mmmmm
376. 381. 383. 403. 404
405. 413. 434. 435. 438
mmmmm
mmmmm
460. 463. 468. 469. 470.
ψψηυᾶψψὴ
&mmmm
mmmmm
mmmmw
mmmffim
600. 604. 606. 613, 614.
QQQQQ
mmmmm
ffl7wumm7ffi
mmmmm
779. 783. 789. 801. 808.
830. 833. 833. 835. 838.
839. 830. 831. 833. 833
sswQQMwQ
mmmmm
mmmmm
mmmm&

114. 115. 117. 118. 130. Λα18101145

131. 136. 138. 134. 137. Λέσβιοι 26. 33. 331. 473
146. 160. 163. 168. 172. 810160104131311011

174. 175. 176. 177, 181. Λίβυες 4. 183. 184. 185. 195.

186. 187. 188. 189. 190.

602

191. 194. 195, 196. ¹99· 1171ναῖ01590
303. 304. 306. 307. 309, Λίνδιοι 768
311. 313. 315. 333. 227. Λόκροι 30. 698

338. 331. 336. 237. 239· Λύδοι 56. 155. 178. 301. 456

340. 345. 354. 359. 360.

361. 365. 368. 370. 276.

281. 283. 384. 385. 393.

mwmwffl82
637. Μήονες 656. 673. 730.
856. 894.. 896

 

